2025-04-01 10:16:32.160647: E external/local_xla/xla/stream_executor/cuda/cuda_fft.cc:477] Unable to register cuFFT factory: Attempting to register factory for plugin cuFFT when one has already been registered
WARNING: All log messages before absl::InitializeLog() is called are written to STDERR
E0000 00:00:1743516992.247670 3315523 cuda_dnn.cc:8310] Unable to register cuDNN factory: Attempting to register factory for plugin cuDNN when one has already been registered
E0000 00:00:1743516992.272123 3315523 cuda_blas.cc:1418] Unable to register cuBLAS factory: Attempting to register factory for plugin cuBLAS when one has already been registered
2025-04-01 10:16:32.454139: I tensorflow/core/platform/cpu_feature_guard.cc:210] This TensorFlow binary is optimized to use available CPU instructions in performance-critical operations.
To enable the following instructions: AVX2 AVX512F FMA, in other operations, rebuild TensorFlow with the appropriate compiler flags.
Cosine Similarity Matrix:

           happy       joyful      excited     elated      thrilled    cheerful    content     delighted   optimistic  grateful    hopeful     inspired    sad         depressed   angry       frustrated  annoyed     hopeless    miserable   devastated  disappointed  lonely      anxious     fearful     bored       indifferent  uncertain   hesitant    cautious    tired       skeptical   confused    surprised   curious   
happy      1.00  0.43  0.38  0.22  0.24  0.29  0.33  0.32  0.38  0.31  0.32  0.37  0.22  0.31  0.29  0.30  0.26  0.32  0.23  0.34  0.32  0.23  0.20  0.27  0.24  0.28  0.24  0.26  0.22  0.25  0.22  0.37  0.29  0.22
joyful     0.43  1.00  0.33  0.18  0.23  0.21  0.31  0.22  0.35  0.29  0.28  0.29  0.12  0.24  0.22  0.27  0.20  0.28  0.21  0.30  0.29  0.24  0.18  0.20  0.21  0.26  0.20  0.25  0.21  0.17  0.12  0.30  0.26  0.21
excited    0.38  0.33  1.00  0.24  0.23  0.25  0.31  0.31  0.38  0.26  0.28  0.34  0.18  0.35  0.24  0.33  0.24  0.28  0.20  0.25  0.36  0.20  0.16  0.25  0.21  0.30  0.33  0.26  0.26  0.21  0.18  0.36  0.34  0.26
elated     0.22  0.18  0.24  1.00  0.22  0.24  0.24  0.36  0.19  0.26  0.14  0.21  0.23  0.22  0.24  0.21  0.24  0.14  0.26  0.18  0.23  0.34  0.33  0.29  0.29  0.27  0.15  0.25  0.30  0.29  0.23  0.23  0.19  0.30
thrilled   0.24  0.23  0.23  0.22  1.00  0.26  0.25  0.26  0.23  0.26  0.22  0.22  0.33  0.26  0.25  0.26  0.26  0.22  0.35  0.21  0.29  0.35  0.30  0.35  0.36  0.28  0.20  0.26  0.32  0.39  0.33  0.26  0.26  0.32
cheerful   0.29  0.21  0.25  0.24  0.26  1.00  0.23  0.27  0.25  0.27  0.24  0.22  0.20  0.26  0.25  0.28  0.26  0.24  0.26  0.26  0.24  0.28  0.26  0.29  0.29  0.20  0.21  0.29  0.37  0.29  0.20  0.24  0.26  0.37
content    0.33  0.31  0.31  0.24  0.25  0.23  1.00  0.30  0.32  0.29  0.23  0.31  0.21  0.27  0.21  0.30  0.29  0.23  0.21  0.28  0.35  0.23  0.24  0.24  0.24  0.26  0.24  0.26  0.25  0.20  0.21  0.32  0.30  0.25
delighted  0.32  0.22  0.31  0.36  0.26  0.27  0.30  1.00  0.32  0.29  0.27  0.36  0.26  0.36  0.20  0.32  0.30  0.27  0.26  0.41  0.44  0.30  0.25  0.27  0.27  0.31  0.28  0.18  0.30  0.28  0.26  0.34  0.30  0.30
optimistic 0.38  0.35  0.38  0.19  0.23  0.25  0.32  0.32  1.00  0.25  0.31  0.45  0.16  0.30  0.27  0.27  0.30  0.31  0.21  0.31  0.30  0.22  0.21  0.21  0.22  0.27  0.30  0.20  0.20  0.22  0.16  0.33  0.30  0.20
grateful   0.31  0.29  0.26  0.26  0.26  0.27  0.29  0.29  0.25  1.00  0.23  0.25  0.24  0.27  0.20  0.38  0.28  0.23  0.33  0.32  0.33  0.28  0.18  0.32  0.31  0.26  0.25  0.20  0.30  0.26  0.24  0.28  0.25  0.30
hopeful    0.32  0.28  0.28  0.14  0.22  0.24  0.23  0.27  0.31  0.23  1.00  0.30  0.18  0.26  0.22  0.27  0.19  1.00  0.19  0.23  0.29  0.23  0.19  0.20  0.21  0.22  0.26  0.29  0.18  0.22  0.18  0.21  0.29  0.18
inspired   0.37  0.29  0.34  0.21  0.22  0.22  0.31  0.36  0.45  0.25  0.30  1.00  0.18  0.30  0.23  0.31  0.25  0.30  0.21  0.32  0.30  0.21  0.25  0.25  0.23  0.29  0.24  0.24  0.19  0.19  0.18  0.32  0.31  0.19
sad        0.22  0.12  0.18  0.23  0.33  0.20  0.21  0.26  0.16  0.24  0.18  0.18  1.00  0.25  0.25  0.22  0.24  0.18  0.43  0.22  0.29  0.42  0.34  0.40  0.41  0.23  0.19  0.23  0.41  0.44  1.00  0.23  0.33  0.41
depressed  0.31  0.24  0.35  0.22  0.26  0.26  0.27  0.36  0.30  0.27  0.26  0.30  0.25  1.00  0.25  0.37  0.26  0.26  0.28  0.32  0.47  0.28  0.24  0.28  0.25  0.33  0.28  0.21  0.28  0.29  0.25  0.39  0.33  0.28
angry      0.29  0.22  0.24  0.24  0.25  0.25  0.21  0.20  0.27  0.20  0.22  0.23  0.25  0.25  1.00  0.22  0.32  0.22  0.26  0.25  0.22  0.26  0.34  0.23  0.24  0.31  0.26  0.19  0.23  0.22  0.25  0.29  0.18  0.23
frustrated 0.30  0.27  0.33  0.21  0.26  0.28  0.30  0.32  0.27  0.38  0.27  0.31  0.22  0.37  0.22  1.00  0.29  0.27  0.29  0.31  0.31  0.28  0.20  0.43  0.30  0.26  0.26  0.21  0.24  0.26  0.22  0.33  0.32  0.24
annoyed    0.26  0.20  0.24  0.24  0.26  0.26  0.29  0.30  0.30  0.28  0.19  0.25  0.24  0.26  0.32  0.29  1.00  0.19  0.27  0.27  0.33  0.27  0.37  0.26  0.29  0.32  0.24  0.27  0.27  0.25  0.24  0.25  0.29  0.27
hopeless   0.32  0.28  0.28  0.14  0.22  0.24  0.23  0.27  0.31  0.23  1.00  0.30  0.18  0.26  0.22  0.27  0.19  1.00  0.19  0.23  0.29  0.23  0.19  0.20  0.21  0.22  0.26  0.29  0.18  0.22  0.18  0.21  0.29  0.18
miserable  0.23  0.21  0.20  0.26  0.35  0.26  0.21  0.26  0.21  0.33  0.19  0.21  0.43  0.28  0.26  0.29  0.27  0.19  1.00  0.29  0.34  0.47  0.34  0.44  0.46  0.28  0.22  0.17  0.47  0.45  0.43  0.24  0.29  0.47
devastated 0.34  0.30  0.25  0.18  0.21  0.26  0.28  0.41  0.31  0.32  0.23  0.32  0.22  0.32  0.25  0.31  0.27  0.23  0.29  1.00  0.41  0.27  0.21  0.26  0.29  0.25  0.24  0.17  0.25  0.27  0.22  0.33  0.30  0.25
disappointed 0.32  0.29  0.36  0.23  0.29  0.24  0.35  0.44  0.30  0.33  0.29  0.30  0.29  0.47  0.22  0.31  0.33  0.29  0.34  0.41  1.00  0.32  0.26  0.35  0.34  0.34  0.35  0.21  0.33  0.37  0.29  0.43  0.39  0.33
lonely     0.23  0.24  0.20  0.34  0.35  0.28  0.23  0.30  0.22  0.28  0.23  0.21  0.42  0.28  0.26  0.28  0.27  0.23  0.47  0.27  0.32  1.00  0.38  0.45  0.46  0.22  0.18  0.21  0.46  0.44  0.42  0.25  0.28  0.46
anxious    0.20  0.18  0.16  0.33  0.30  0.26  0.24  0.25  0.21  0.18  0.19  0.25  0.34  0.24  0.34  0.20  0.37  0.19  0.34  0.21  0.26  0.38  1.00  0.34  0.34  0.30  0.25  0.27  0.31  0.33  0.34  0.21  0.28  0.31
fearful    0.27  0.20  0.25  0.29  0.35  0.29  0.24  0.27  0.21  0.32  0.20  0.25  0.40  0.28  0.23  0.43  0.26  0.20  0.44  0.26  0.35  0.45  0.34  1.00  0.54  0.25  0.23  0.22  0.51  0.44  0.40  0.31  0.28  0.51
bored      0.24  0.21  0.21  0.29  0.36  0.29  0.24  0.27  0.22  0.31  0.21  0.23  0.41  0.25  0.24  0.30  0.29  0.21  0.46  0.29  0.34  0.46  0.34  0.54  1.00  0.27  0.22  0.18  0.57  0.44  0.41  0.26  0.30  0.57
indifferent 0.28  0.26  0.30  0.27  0.28  0.20  0.26  0.31  0.27  0.26  0.22  0.29  0.23  0.33  0.31  0.26  0.32  0.22  0.28  0.25  0.34  0.22  0.30  0.25  0.27  1.00  0.27  0.26  0.25  0.31  0.23  0.38  0.23  0.25
uncertain  0.24  0.20  0.33  0.15  0.20  0.21  0.24  0.28  0.30  0.25  0.26  0.24  0.19  0.28  0.26  0.26  0.24  0.26  0.22  0.24  0.35  0.18  0.25  0.23  0.22  0.27  1.00  0.20  0.30  0.22  0.19  0.30  0.28  0.30
hesitant   0.26  0.25  0.26  0.25  0.26  0.29  0.26  0.18  0.20  0.20  0.29  0.24  0.23  0.21  0.19  0.21  0.27  0.29  0.17  0.17  0.21  0.21  0.27  0.22  0.18  0.26  0.20  1.00  0.17  0.18  0.23  0.21  0.24  0.17
cautious   0.22  0.21  0.26  0.30  0.32  0.37  0.25  0.30  0.20  0.30  0.18  0.19  0.41  0.28  0.23  0.24  0.27  0.18  0.47  0.25  0.33  0.46  0.31  0.51  0.57  0.25  0.30  0.17  1.00  0.46  0.41  0.31  0.25  1.00
tired      0.25  0.17  0.21  0.29  0.39  0.29  0.20  0.28  0.22  0.26  0.22  0.19  0.44  0.29  0.22  0.26  0.25  0.22  0.45  0.27  0.37  0.44  0.33  0.44  0.44  0.31  0.22  0.18  0.46  1.00  0.44  0.24  0.30  0.46
skeptical  0.22  0.12  0.18  0.23  0.33  0.20  0.21  0.26  0.16  0.24  0.18  0.18  1.00  0.25  0.25  0.22  0.24  0.18  0.43  0.22  0.29  0.42  0.34  0.40  0.41  0.23  0.19  0.23  0.41  0.44  1.00  0.23  0.33  0.41
confused   0.37  0.30  0.36  0.23  0.26  0.24  0.32  0.34  0.33  0.28  0.21  0.32  0.23  0.39  0.29  0.33  0.25  0.21  0.24  0.33  0.43  0.25  0.21  0.31  0.26  0.38  0.30  0.21  0.31  0.24  0.23  1.00  0.30  0.31
surprised  0.29  0.26  0.34  0.19  0.26  0.26  0.30  0.30  0.30  0.25  0.29  0.31  0.33  0.33  0.18  0.32  0.29  0.29  0.29  0.30  0.39  0.28  0.28  0.28  0.30  0.23  0.28  0.24  0.25  0.30  0.33  0.30  1.00  0.25
curious    0.22  0.21  0.26  0.30  0.32  0.37  0.25  0.30  0.20  0.30  0.18  0.19  0.41  0.28  0.23  0.24  0.27  0.18  0.47  0.25  0.33  0.46  0.31  0.51  0.57  0.25  0.30  0.17  1.00  0.46  0.41  0.31  0.25  1.00
